<!DOCTYPE html>

<html>

<head>

<meta charset="utf-8" />
<meta name="generator" content="pandoc" />
<meta http-equiv="X-UA-Compatible" content="IE=EDGE" />




<title>More 10T</title>

<script src="site_libs/jquery-1.11.3/jquery.min.js"></script>
<meta name="viewport" content="width=device-width, initial-scale=1" />
<link href="site_libs/bootstrap-3.3.5/css/bootstrap.min.css" rel="stylesheet" />
<script src="site_libs/bootstrap-3.3.5/js/bootstrap.min.js"></script>
<script src="site_libs/bootstrap-3.3.5/shim/html5shiv.min.js"></script>
<script src="site_libs/bootstrap-3.3.5/shim/respond.min.js"></script>
<script src="site_libs/jqueryui-1.11.4/jquery-ui.min.js"></script>
<link href="site_libs/tocify-1.9.1/jquery.tocify.css" rel="stylesheet" />
<script src="site_libs/tocify-1.9.1/jquery.tocify.js"></script>
<script src="site_libs/navigation-1.1/tabsets.js"></script>
<link href="site_libs/highlightjs-9.12.0/default.css" rel="stylesheet" />
<script src="site_libs/highlightjs-9.12.0/highlight.js"></script>
<link href="site_libs/anchor-sections-1.0/anchor-sections.css" rel="stylesheet" />
<script src="site_libs/anchor-sections-1.0/anchor-sections.js"></script>
<script src="site_libs/htmlwidgets-1.5.2/htmlwidgets.js"></script>
<script src="site_libs/plotly-binding-4.9.2.1/plotly.js"></script>
<script src="site_libs/typedarray-0.1/typedarray.min.js"></script>
<link href="site_libs/crosstalk-1.1.0.1/css/crosstalk.css" rel="stylesheet" />
<script src="site_libs/crosstalk-1.1.0.1/js/crosstalk.min.js"></script>
<link href="site_libs/plotly-htmlwidgets-css-1.52.2/plotly-htmlwidgets.css" rel="stylesheet" />
<script src="site_libs/plotly-main-1.52.2/plotly-latest.min.js"></script>

<style type="text/css">
  code{white-space: pre-wrap;}
  span.smallcaps{font-variant: small-caps;}
  span.underline{text-decoration: underline;}
  div.column{display: inline-block; vertical-align: top; width: 50%;}
  div.hanging-indent{margin-left: 1.5em; text-indent: -1.5em;}
  ul.task-list{list-style: none;}
    </style>

<style type="text/css">code{white-space: pre;}</style>
<style type="text/css">
  pre:not([class]) {
    background-color: white;
  }
</style>
<script type="text/javascript">
if (window.hljs) {
  hljs.configure({languages: []});
  hljs.initHighlightingOnLoad();
  if (document.readyState && document.readyState === "complete") {
    window.setTimeout(function() { hljs.initHighlighting(); }, 0);
  }
}
</script>



<style type="text/css">
h1 {
  font-size: 34px;
}
h1.title {
  font-size: 38px;
}
h2 {
  font-size: 30px;
}
h3 {
  font-size: 24px;
}
h4 {
  font-size: 18px;
}
h5 {
  font-size: 16px;
}
h6 {
  font-size: 12px;
}
.table th:not([align]) {
  text-align: left;
}
</style>




<style type = "text/css">
.main-container {
  max-width: 940px;
  margin-left: auto;
  margin-right: auto;
}
code {
  color: inherit;
  background-color: rgba(0, 0, 0, 0.04);
}
img {
  max-width:100%;
}
.tabbed-pane {
  padding-top: 12px;
}
.html-widget {
  margin-bottom: 20px;
}
button.code-folding-btn:focus {
  outline: none;
}
summary {
  display: list-item;
}
</style>


<style type="text/css">
/* padding for bootstrap navbar */
body {
  padding-top: 51px;
  padding-bottom: 40px;
}
/* offset scroll position for anchor links (for fixed navbar)  */
.section h1 {
  padding-top: 56px;
  margin-top: -56px;
}
.section h2 {
  padding-top: 56px;
  margin-top: -56px;
}
.section h3 {
  padding-top: 56px;
  margin-top: -56px;
}
.section h4 {
  padding-top: 56px;
  margin-top: -56px;
}
.section h5 {
  padding-top: 56px;
  margin-top: -56px;
}
.section h6 {
  padding-top: 56px;
  margin-top: -56px;
}
.dropdown-submenu {
  position: relative;
}
.dropdown-submenu>.dropdown-menu {
  top: 0;
  left: 100%;
  margin-top: -6px;
  margin-left: -1px;
  border-radius: 0 6px 6px 6px;
}
.dropdown-submenu:hover>.dropdown-menu {
  display: block;
}
.dropdown-submenu>a:after {
  display: block;
  content: " ";
  float: right;
  width: 0;
  height: 0;
  border-color: transparent;
  border-style: solid;
  border-width: 5px 0 5px 5px;
  border-left-color: #cccccc;
  margin-top: 5px;
  margin-right: -10px;
}
.dropdown-submenu:hover>a:after {
  border-left-color: #ffffff;
}
.dropdown-submenu.pull-left {
  float: none;
}
.dropdown-submenu.pull-left>.dropdown-menu {
  left: -100%;
  margin-left: 10px;
  border-radius: 6px 0 6px 6px;
}
</style>

<script>
// manage active state of menu based on current page
$(document).ready(function () {
  // active menu anchor
  href = window.location.pathname
  href = href.substr(href.lastIndexOf('/') + 1)
  if (href === "")
    href = "index.html";
  var menuAnchor = $('a[href="' + href + '"]');

  // mark it active
  menuAnchor.parent().addClass('active');

  // if it's got a parent navbar menu mark it active as well
  menuAnchor.closest('li.dropdown').addClass('active');
});
</script>

<!-- tabsets -->

<style type="text/css">
.tabset-dropdown > .nav-tabs {
  display: inline-table;
  max-height: 500px;
  min-height: 44px;
  overflow-y: auto;
  background: white;
  border: 1px solid #ddd;
  border-radius: 4px;
}

.tabset-dropdown > .nav-tabs > li.active:before {
  content: "";
  font-family: 'Glyphicons Halflings';
  display: inline-block;
  padding: 10px;
  border-right: 1px solid #ddd;
}

.tabset-dropdown > .nav-tabs.nav-tabs-open > li.active:before {
  content: "&#xe258;";
  border: none;
}

.tabset-dropdown > .nav-tabs.nav-tabs-open:before {
  content: "";
  font-family: 'Glyphicons Halflings';
  display: inline-block;
  padding: 10px;
  border-right: 1px solid #ddd;
}

.tabset-dropdown > .nav-tabs > li.active {
  display: block;
}

.tabset-dropdown > .nav-tabs > li > a,
.tabset-dropdown > .nav-tabs > li > a:focus,
.tabset-dropdown > .nav-tabs > li > a:hover {
  border: none;
  display: inline-block;
  border-radius: 4px;
  background-color: transparent;
}

.tabset-dropdown > .nav-tabs.nav-tabs-open > li {
  display: block;
  float: none;
}

.tabset-dropdown > .nav-tabs > li {
  display: none;
}
</style>

<!-- code folding -->



<style type="text/css">

#TOC {
  margin: 25px 0px 20px 0px;
}
@media (max-width: 768px) {
#TOC {
  position: relative;
  width: 100%;
}
}

@media print {
.toc-content {
  /* see https://github.com/w3c/csswg-drafts/issues/4434 */
  float: right;
}
}

.toc-content {
  padding-left: 30px;
  padding-right: 40px;
}

div.main-container {
  max-width: 1200px;
}

div.tocify {
  width: 20%;
  max-width: 260px;
  max-height: 85%;
}

@media (min-width: 768px) and (max-width: 991px) {
  div.tocify {
    width: 25%;
  }
}

@media (max-width: 767px) {
  div.tocify {
    width: 100%;
    max-width: none;
  }
}

.tocify ul, .tocify li {
  line-height: 20px;
}

.tocify-subheader .tocify-item {
  font-size: 0.90em;
}

.tocify .list-group-item {
  border-radius: 0px;
}


</style>



</head>

<body>


<div class="container-fluid main-container">


<!-- setup 3col/9col grid for toc_float and main content  -->
<div class="row-fluid">
<div class="col-xs-12 col-sm-4 col-md-3">
<div id="TOC" class="tocify">
</div>
</div>

<div class="toc-content col-xs-12 col-sm-8 col-md-9">




<div class="navbar navbar-default  navbar-fixed-top" role="navigation">
  <div class="container">
    <div class="navbar-header">
      <button type="button" class="navbar-toggle collapsed" data-toggle="collapse" data-target="#navbar">
        <span class="icon-bar"></span>
        <span class="icon-bar"></span>
        <span class="icon-bar"></span>
      </button>
      <a class="navbar-brand" href="index.html">Lucy Stuff</a>
    </div>
    <div id="navbar" class="navbar-collapse collapse">
      <ul class="nav navbar-nav">
        <li>
  <a href="10T.html">10T</a>
</li>
<li>
  <a href="more10T.html">More 10T</a>
</li>
<li>
  <a href="about.html">About</a>
</li>
      </ul>
      <ul class="nav navbar-nav navbar-right">
        
      </ul>
    </div><!--/.nav-collapse -->
  </div><!--/.container -->
</div><!--/.navbar -->

<div class="fluid-row" id="header">



<h1 class="title toc-ignore">More 10T</h1>

</div>


<p>The other page is getting long.</p>
<div id="pca-with-top-500-most-variable" class="section level2 tabset tabset-pills tabset-fade">
<h2>PCA with top 500 most variable</h2>
<p>Taking the top 500 most variable genes among the samples and generating a regular old Euclidean distance matrix.</p>
<div id="annotte" class="section level3">
<h3>Annot+TE</h3>
<div id="htmlwidget-7fbb4379a0f3cee7e1d4" style="width:672px;height:480px;" class="plotly html-widget"></div>
<script type="application/json" data-for="htmlwidget-7fbb4379a0f3cee7e1d4">{"x":{"data":[{"x":[6.03125,2.25,null,2.25,2.25,null,2.25,1.5,null,1.5,1.5,null,1.5,1,null,1,1,null,1.5,2,null,2,2,null,2.25,3,null,3,3,null,6.03125,9.8125,null,9.8125,9.8125,null,9.8125,6.5,null,6.5,6.5,null,6.5,4.75,null,4.75,4.75,null,4.75,4,null,4,4,null,4.75,5.5,null,5.5,5.5,null,5.5,5,null,5,5,null,5.5,6,null,6,6,null,6.5,8.25,null,8.25,8.25,null,8.25,7.5,null,7.5,7.5,null,7.5,7,null,7,7,null,7.5,8,null,8,8,null,8.25,9,null,9,9,null,9.8125,13.125,null,13.125,13.125,null,13.125,10.75,null,10.75,10.75,null,10.75,10,null,10,10,null,10.75,11.5,null,11.5,11.5,null,11.5,11,null,11,11,null,11.5,12,null,12,12,null,13.125,15.5,null,15.5,15.5,null,15.5,14.25,null,14.25,14.25,null,14.25,13.5,null,13.5,13.5,null,13.5,13,null,13,13,null,13.5,14,null,14,14,null,14.25,15,null,15,15,null,15.5,16.75,null,16.75,16.75,null,16.75,16,null,16,16,null,16.75,17.5,null,17.5,17.5,null,17.5,17,null,17,17,null,17.5,18,null,18,18],"y":[240.910013113746,240.910013113746,null,240.910013113746,29.0992343994685,null,29.0992343994685,29.0992343994685,null,29.0992343994685,21.9015097894475,null,21.9015097894475,21.9015097894475,null,21.9015097894475,0,null,21.9015097894475,21.9015097894475,null,21.9015097894475,0,null,29.0992343994685,29.0992343994685,null,29.0992343994685,0,null,240.910013113746,240.910013113746,null,240.910013113746,183.721764516185,null,183.721764516185,183.721764516185,null,183.721764516185,129.216212728923,null,129.216212728923,129.216212728923,null,129.216212728923,68.6970203059132,null,68.6970203059132,68.6970203059132,null,68.6970203059132,0,null,68.6970203059132,68.6970203059132,null,68.6970203059132,49.8247740924091,null,49.8247740924091,49.8247740924091,null,49.8247740924091,0,null,49.8247740924091,49.8247740924091,null,49.8247740924091,0,null,129.216212728923,129.216212728923,null,129.216212728923,63.6729071312024,null,63.6729071312024,63.6729071312024,null,63.6729071312024,46.3659472895622,null,46.3659472895622,46.3659472895622,null,46.3659472895622,0,null,46.3659472895622,46.3659472895622,null,46.3659472895622,0,null,63.6729071312024,63.6729071312024,null,63.6729071312024,0,null,183.721764516185,183.721764516185,null,183.721764516185,108.164833465638,null,108.164833465638,108.164833465638,null,108.164833465638,75.1951837025922,null,75.1951837025922,75.1951837025922,null,75.1951837025922,0,null,75.1951837025922,75.1951837025922,null,75.1951837025922,49.7463367101227,null,49.7463367101227,49.7463367101227,null,49.7463367101227,0,null,49.7463367101227,49.7463367101227,null,49.7463367101227,0,null,108.164833465638,108.164833465638,null,108.164833465638,102.296796602528,null,102.296796602528,102.296796602528,null,102.296796602528,72.6808357247477,null,72.6808357247477,72.6808357247477,null,72.6808357247477,41.8908565310612,null,41.8908565310612,41.8908565310612,null,41.8908565310612,0,null,41.8908565310612,41.8908565310612,null,41.8908565310612,0,null,72.6808357247477,72.6808357247477,null,72.6808357247477,0,null,102.296796602528,102.296796602528,null,102.296796602528,72.7377028284053,null,72.7377028284053,72.7377028284053,null,72.7377028284053,0,null,72.7377028284053,72.7377028284053,null,72.7377028284053,45.6352866173629,null,45.6352866173629,45.6352866173629,null,45.6352866173629,0,null,45.6352866173629,45.6352866173629,null,45.6352866173629,0],"text":["y: 240.91001","y: 240.91001",null,"y: 240.91001","y: 240.91001",null,"y:  29.09923","y:  29.09923",null,"y:  29.09923","y:  29.09923",null,"y:  21.90151","y:  21.90151",null,"y:  21.90151","y:  21.90151",null,"y:  21.90151","y:  21.90151",null,"y:  21.90151","y:  21.90151",null,"y:  29.09923","y:  29.09923",null,"y:  29.09923","y:  29.09923",null,"y: 240.91001","y: 240.91001",null,"y: 240.91001","y: 240.91001",null,"y: 183.72176","y: 183.72176",null,"y: 183.72176","y: 183.72176",null,"y: 129.21621","y: 129.21621",null,"y: 129.21621","y: 129.21621",null,"y:  68.69702","y:  68.69702",null,"y:  68.69702","y:  68.69702",null,"y:  68.69702","y:  68.69702",null,"y:  68.69702","y:  68.69702",null,"y:  49.82477","y:  49.82477",null,"y:  49.82477","y:  49.82477",null,"y:  49.82477","y:  49.82477",null,"y:  49.82477","y:  49.82477",null,"y: 129.21621","y: 129.21621",null,"y: 129.21621","y: 129.21621",null,"y:  63.67291","y:  63.67291",null,"y:  63.67291","y:  63.67291",null,"y:  46.36595","y:  46.36595",null,"y:  46.36595","y:  46.36595",null,"y:  46.36595","y:  46.36595",null,"y:  46.36595","y:  46.36595",null,"y:  63.67291","y:  63.67291",null,"y:  63.67291","y:  63.67291",null,"y: 183.72176","y: 183.72176",null,"y: 183.72176","y: 183.72176",null,"y: 108.16483","y: 108.16483",null,"y: 108.16483","y: 108.16483",null,"y:  75.19518","y:  75.19518",null,"y:  75.19518","y:  75.19518",null,"y:  75.19518","y:  75.19518",null,"y:  75.19518","y:  75.19518",null,"y:  49.74634","y:  49.74634",null,"y:  49.74634","y:  49.74634",null,"y:  49.74634","y:  49.74634",null,"y:  49.74634","y:  49.74634",null,"y: 108.16483","y: 108.16483",null,"y: 108.16483","y: 108.16483",null,"y: 102.29680","y: 102.29680",null,"y: 102.29680","y: 102.29680",null,"y:  72.68084","y:  72.68084",null,"y:  72.68084","y:  72.68084",null,"y:  41.89086","y:  41.89086",null,"y:  41.89086","y:  41.89086",null,"y:  41.89086","y:  41.89086",null,"y:  41.89086","y:  41.89086",null,"y:  72.68084","y:  72.68084",null,"y:  72.68084","y:  72.68084",null,"y: 102.29680","y: 102.29680",null,"y: 102.29680","y: 102.29680",null,"y:  72.73770","y:  72.73770",null,"y:  72.73770","y:  72.73770",null,"y:  72.73770","y:  72.73770",null,"y:  72.73770","y:  72.73770",null,"y:  45.63529","y:  45.63529",null,"y:  45.63529","y:  45.63529",null,"y:  45.63529","y:  45.63529",null,"y:  45.63529","y:  45.63529"],"type":"scatter","mode":"lines","line":{"width":2.26771653543307,"color":"rgba(0,0,0,1)","dash":"solid"},"hoveron":"points","name":"(black,solid)","legendgroup":"(black,solid)","showlegend":true,"xaxis":"x","yaxis":"y","hoverinfo":"text","frame":null},{"x":[6.03125,2.25,1.5,1,2,3,9.8125,6.5,4.75,4,5.5,5,6,8.25,7.5,7,8,9,13.125,10.75,10,11.5,11,12,15.5,14.25,13.5,13,14,15,16.75,16,17.5,17,18],"y":[240.910013113746,29.0992343994685,21.9015097894475,0,0,0,183.721764516185,129.216212728923,68.6970203059132,0,49.8247740924091,0,0,63.6729071312024,46.3659472895622,0,0,0,108.164833465638,75.1951837025922,0,49.7463367101227,0,0,102.296796602528,72.6808357247477,41.8908565310612,0,0,0,72.7377028284053,0,45.6352866173629,0,0],"text":["y: 240.91001","y:  29.09923","y:  21.90151","y:   0.00000","y:   0.00000","y:   0.00000","y: 183.72176","y: 129.21621","y:  68.69702","y:   0.00000","y:  49.82477","y:   0.00000","y:   0.00000","y:  63.67291","y:  46.36595","y:   0.00000","y:   0.00000","y:   0.00000","y: 108.16483","y:  75.19518","y:   0.00000","y:  49.74634","y:   0.00000","y:   0.00000","y: 102.29680","y:  72.68084","y:  41.89086","y:   0.00000","y:   0.00000","y:   0.00000","y:  72.73770","y:   0.00000","y:  45.63529","y:   0.00000","y:   0.00000"],"type":"scatter","mode":"markers","marker":{"autocolorscale":false,"color":"transparent","opacity":1,"size":null,"symbol":null,"line":{"width":1.88976377952756,"color":"transparent"}},"hoveron":"points","name":"(NA,1)","legendgroup":"(NA,1)","showlegend":true,"xaxis":"x","yaxis":"y","hoverinfo":"text","frame":null},{"type":"scatter","mode":"markers","marker":{"color":"rgba(44,160,44,1)","line":{"color":"rgba(44,160,44,1)"}},"error_y":{"color":"rgba(44,160,44,1)"},"error_x":{"color":"rgba(44,160,44,1)"},"line":{"color":"rgba(44,160,44,1)"},"xaxis":"x2","yaxis":"y","frame":null},{"x":[1,2,3,4,5,6,7,8,9,10,11,12,13,14,15,16,17,18],"y":[1,2,3,4,5,6,7,8,9,10,11,12,13,14,15,16,17,18],"z":[[0,0.141519290149365,0.184006125376837,0.714271100877718,0.811582198050098,0.881041555949111,0.762012607967833,0.764397023249924,0.600580183929028,0.736577692612084,0.904147470896304,0.911205904651927,1,0.941139089299746,0.843260757755949,0.798584329792824,0.904014217467383,0.948455764514023],[0.141519290149365,0,0.143351582124776,0.714191004032693,0.801508547149151,0.876003441558135,0.752763869639794,0.749330697632336,0.597204246019831,0.72968979748649,0.901852381483075,0.90781569651877,0.999512890211899,0.938697555495348,0.847491921552658,0.799258684900482,0.910262488387025,0.949072913749039],[0.184006125376837,0.143351582124776,0,0.693346855459005,0.784759719014979,0.857225328760138,0.735676791443784,0.729963831598218,0.572091337848832,0.708277362222947,0.887980142618262,0.893277331429764,0.987497314044513,0.92619838888936,0.829553275631797,0.778726872984046,0.89820471713874,0.93685567267421],[0.714271100877718,0.714191004032693,0.693346855459005,0,0.308708819900612,0.385905041017833,0.646825973886372,0.649048477776779,0.586637948287318,0.692592712412332,0.770139081599478,0.767608695503681,0.838829001606848,0.804996250265017,0.763657853686039,0.705815846227006,0.73243869575489,0.775385601320508],[0.811582198050098,0.801508547149151,0.784759719014979,0.308708819900612,0,0.303636143224563,0.635858626500781,0.590292511587855,0.623212971391314,0.719999999681053,0.736281604193955,0.719659184911257,0.802106757898275,0.771097356739911,0.793356039888334,0.740123490283805,0.720092510910938,0.746910657564681],[0.881041555949111,0.876003441558135,0.857225328760138,0.385905041017833,0.303636143224563,0,0.607514347847452,0.611318490820433,0.662239042549264,0.769007238110877,0.736679697024926,0.723571530213755,0.785255159687043,0.803432684373981,0.848713167404555,0.795046681772482,0.731472884062453,0.734570272778061],[0.762012607967833,0.752763869639794,0.735676791443784,0.646825973886372,0.635858626500781,0.607514347847452,0,0.302874662160276,0.351284916098261,0.676088463410806,0.631998540249799,0.638408058388378,0.760120119118275,0.755038254177282,0.778631978236998,0.7583850509788,0.704730291295995,0.703675089820101],[0.764397023249924,0.749330697632336,0.729963831598218,0.649048477776779,0.590292511587855,0.611318490820433,0.302874662160276,0,0.338197443445723,0.67160749804809,0.652967849513316,0.611688735663155,0.741586074263066,0.712598757624374,0.775095406099395,0.74427296693964,0.698249801379125,0.716580022054718],[0.600580183929028,0.597204246019831,0.572091337848832,0.586637948287318,0.623212971391314,0.662239042549264,0.351284916098261,0.338197443445723,0,0.591888287059492,0.67284770374227,0.673898129875984,0.793942104918963,0.756974310343034,0.705589604777938,0.680877050529557,0.715310089659289,0.757952301817856],[0.736577692612084,0.72968979748649,0.708277362222947,0.692592712412332,0.719999999681053,0.769007238110877,0.676088463410806,0.67160749804809,0.591888287059492,0,0.409670507329912,0.40658332104787,0.533006238682195,0.476894903039838,0.394292314543844,0.466245997637901,0.544673126797613,0.595274620298558],[0.904147470896304,0.901852381483075,0.887980142618262,0.770139081599478,0.736281604193955,0.736679697024926,0.631998540249799,0.652967849513316,0.67284770374227,0.409670507329912,0,0.324836704545575,0.455308289693327,0.48868774840199,0.515582268401667,0.58274284065432,0.525109362324229,0.509433391464116],[0.911205904651927,0.90781569651877,0.893277331429764,0.767608695503681,0.719659184911257,0.723571530213755,0.638408058388378,0.611688735663155,0.673898129875984,0.40658332104787,0.324836704545575,0,0.446385851209339,0.428959257344158,0.517949092843761,0.593551669758769,0.52087866185019,0.541293437825559],[1,0.999512890211899,0.987497314044513,0.838829001606848,0.802106757898275,0.785255159687043,0.760120119118275,0.741586074263066,0.793942104918963,0.533006238682195,0.455308289693327,0.446385851209339,0,0.253124410206833,0.395037926559172,0.557222996180517,0.469236909957134,0.47216299920348],[0.941139089299746,0.938697555495348,0.92619838888936,0.804996250265017,0.771097356739911,0.803432684373981,0.755038254177282,0.712598757624374,0.756974310343034,0.476894903039838,0.48868774840199,0.428959257344158,0.253124410206833,0,0.338990804069808,0.513822895907693,0.464866553651682,0.509026110172399],[0.843260757755949,0.847491921552658,0.829553275631797,0.763657853686039,0.793356039888334,0.848713167404555,0.778631978236998,0.775095406099395,0.705589604777938,0.394292314543844,0.515582268401667,0.517949092843761,0.395037926559172,0.338990804069808,0,0.430804559749883,0.503369983558772,0.56921264550977],[0.798584329792824,0.799258684900482,0.778726872984046,0.705815846227006,0.740123490283805,0.795046681772482,0.7583850509788,0.74427296693964,0.680877050529557,0.466245997637901,0.58274284065432,0.593551669758769,0.557222996180517,0.513822895907693,0.430804559749883,0,0.306104725036712,0.403931807851125],[0.904014217467383,0.910262488387025,0.89820471713874,0.73243869575489,0.720092510910938,0.731472884062453,0.704730291295995,0.698249801379125,0.715310089659289,0.544673126797613,0.525109362324229,0.52087866185019,0.469236909957134,0.464866553651682,0.503369983558772,0.306104725036712,0,0.278212747499274],[0.948455764514023,0.949072913749039,0.93685567267421,0.775385601320508,0.746910657564681,0.734570272778061,0.703675089820101,0.716580022054718,0.757952301817856,0.595274620298558,0.509433391464116,0.541293437825559,0.47216299920348,0.509026110172399,0.56921264550977,0.403931807851125,0.278212747499274,0]],"text":[["row: TKO_C3H10T1_2<br>column: TKO_C3H10T1_2<br>value:   0.00","row: TKO_C3H10T1_2<br>column: TKO_C3H10T1_3<br>value:  15.07","row: TKO_C3H10T1_2<br>column: TKO_C3H10T1_1<br>value:  19.60","row: TKO_C3H10T1_2<br>column: H33K36M_C3H10T1_1<br>value:  76.07","row: TKO_C3H10T1_2<br>column: H33K36M_C3H10T1_2<br>value:  86.44","row: TKO_C3H10T1_2<br>column: H33K36M_C3H10T1_3<br>value:  93.84","row: TKO_C3H10T1_2<br>column: NSD12DKO_C3H10T1_2<br>value:  81.16","row: TKO_C3H10T1_2<br>column: NSD12DKO_C3H10T1_3<br>value:  81.41","row: TKO_C3H10T1_2<br>column: NSD12DKO_C3H10T1_1<br>value:  63.96","row: TKO_C3H10T1_2<br>column: H33K36R_C3H10T1_1<br>value:  78.45","row: TKO_C3H10T1_2<br>column: H33K36R_C3H10T1_3<br>value:  96.30","row: TKO_C3H10T1_2<br>column: H33K36R_C3H10T1_2<br>value:  97.05","row: TKO_C3H10T1_2<br>column: PA_C3H10T1_2<br>value: 106.50","row: TKO_C3H10T1_2<br>column: PA_C3H10T1_3<br>value: 100.24","row: TKO_C3H10T1_2<br>column: PA_C3H10T1_1<br>value:  89.81","row: TKO_C3H10T1_2<br>column: SETD2KO_C3H10T1_1<br>value:  85.05","row: TKO_C3H10T1_2<br>column: SETD2KO_C3H10T1_2<br>value:  96.28","row: TKO_C3H10T1_2<br>column: SETD2KO_C3H10T1_3<br>value: 101.02"],["row: TKO_C3H10T1_3<br>column: TKO_C3H10T1_2<br>value:  15.07","row: TKO_C3H10T1_3<br>column: TKO_C3H10T1_3<br>value:   0.00","row: TKO_C3H10T1_3<br>column: TKO_C3H10T1_1<br>value:  15.27","row: TKO_C3H10T1_3<br>column: H33K36M_C3H10T1_1<br>value:  76.06","row: TKO_C3H10T1_3<br>column: H33K36M_C3H10T1_2<br>value:  85.36","row: TKO_C3H10T1_3<br>column: H33K36M_C3H10T1_3<br>value:  93.30","row: TKO_C3H10T1_3<br>column: NSD12DKO_C3H10T1_2<br>value:  80.17","row: TKO_C3H10T1_3<br>column: NSD12DKO_C3H10T1_3<br>value:  79.81","row: TKO_C3H10T1_3<br>column: NSD12DKO_C3H10T1_1<br>value:  63.61","row: TKO_C3H10T1_3<br>column: H33K36R_C3H10T1_1<br>value:  77.72","row: TKO_C3H10T1_3<br>column: H33K36R_C3H10T1_3<br>value:  96.05","row: TKO_C3H10T1_3<br>column: H33K36R_C3H10T1_2<br>value:  96.69","row: TKO_C3H10T1_3<br>column: PA_C3H10T1_2<br>value: 106.45","row: TKO_C3H10T1_3<br>column: PA_C3H10T1_3<br>value:  99.98","row: TKO_C3H10T1_3<br>column: PA_C3H10T1_1<br>value:  90.26","row: TKO_C3H10T1_3<br>column: SETD2KO_C3H10T1_1<br>value:  85.12","row: TKO_C3H10T1_3<br>column: SETD2KO_C3H10T1_2<br>value:  96.95","row: TKO_C3H10T1_3<br>column: SETD2KO_C3H10T1_3<br>value: 101.08"],["row: TKO_C3H10T1_1<br>column: TKO_C3H10T1_2<br>value:  19.60","row: TKO_C3H10T1_1<br>column: TKO_C3H10T1_3<br>value:  15.27","row: TKO_C3H10T1_1<br>column: TKO_C3H10T1_1<br>value:   0.00","row: TKO_C3H10T1_1<br>column: H33K36M_C3H10T1_1<br>value:  73.84","row: TKO_C3H10T1_1<br>column: H33K36M_C3H10T1_2<br>value:  83.58","row: TKO_C3H10T1_1<br>column: H33K36M_C3H10T1_3<br>value:  91.30","row: TKO_C3H10T1_1<br>column: NSD12DKO_C3H10T1_2<br>value:  78.35","row: TKO_C3H10T1_1<br>column: NSD12DKO_C3H10T1_3<br>value:  77.74","row: TKO_C3H10T1_1<br>column: NSD12DKO_C3H10T1_1<br>value:  60.93","row: TKO_C3H10T1_1<br>column: H33K36R_C3H10T1_1<br>value:  75.44","row: TKO_C3H10T1_1<br>column: H33K36R_C3H10T1_3<br>value:  94.57","row: TKO_C3H10T1_1<br>column: H33K36R_C3H10T1_2<br>value:  95.14","row: TKO_C3H10T1_1<br>column: PA_C3H10T1_2<br>value: 105.17","row: TKO_C3H10T1_1<br>column: PA_C3H10T1_3<br>value:  98.64","row: TKO_C3H10T1_1<br>column: PA_C3H10T1_1<br>value:  88.35","row: TKO_C3H10T1_1<br>column: SETD2KO_C3H10T1_1<br>value:  82.94","row: TKO_C3H10T1_1<br>column: SETD2KO_C3H10T1_2<br>value:  95.66","row: TKO_C3H10T1_1<br>column: SETD2KO_C3H10T1_3<br>value:  99.78"],["row: H33K36M_C3H10T1_1<br>column: TKO_C3H10T1_2<br>value:  76.07","row: H33K36M_C3H10T1_1<br>column: TKO_C3H10T1_3<br>value:  76.06","row: H33K36M_C3H10T1_1<br>column: TKO_C3H10T1_1<br>value:  73.84","row: H33K36M_C3H10T1_1<br>column: H33K36M_C3H10T1_1<br>value:   0.00","row: H33K36M_C3H10T1_1<br>column: H33K36M_C3H10T1_2<br>value:  32.88","row: H33K36M_C3H10T1_1<br>column: H33K36M_C3H10T1_3<br>value:  41.10","row: H33K36M_C3H10T1_1<br>column: NSD12DKO_C3H10T1_2<br>value:  68.89","row: H33K36M_C3H10T1_1<br>column: NSD12DKO_C3H10T1_3<br>value:  69.13","row: H33K36M_C3H10T1_1<br>column: NSD12DKO_C3H10T1_1<br>value:  62.48","row: H33K36M_C3H10T1_1<br>column: H33K36R_C3H10T1_1<br>value:  73.76","row: H33K36M_C3H10T1_1<br>column: H33K36R_C3H10T1_3<br>value:  82.02","row: H33K36M_C3H10T1_1<br>column: H33K36R_C3H10T1_2<br>value:  81.75","row: H33K36M_C3H10T1_1<br>column: PA_C3H10T1_2<br>value:  89.34","row: H33K36M_C3H10T1_1<br>column: PA_C3H10T1_3<br>value:  85.74","row: H33K36M_C3H10T1_1<br>column: PA_C3H10T1_1<br>value:  81.33","row: H33K36M_C3H10T1_1<br>column: SETD2KO_C3H10T1_1<br>value:  75.17","row: H33K36M_C3H10T1_1<br>column: SETD2KO_C3H10T1_2<br>value:  78.01","row: H33K36M_C3H10T1_1<br>column: SETD2KO_C3H10T1_3<br>value:  82.58"],["row: H33K36M_C3H10T1_2<br>column: TKO_C3H10T1_2<br>value:  86.44","row: H33K36M_C3H10T1_2<br>column: TKO_C3H10T1_3<br>value:  85.36","row: H33K36M_C3H10T1_2<br>column: TKO_C3H10T1_1<br>value:  83.58","row: H33K36M_C3H10T1_2<br>column: H33K36M_C3H10T1_1<br>value:  32.88","row: H33K36M_C3H10T1_2<br>column: H33K36M_C3H10T1_2<br>value:   0.00","row: H33K36M_C3H10T1_2<br>column: H33K36M_C3H10T1_3<br>value:  32.34","row: H33K36M_C3H10T1_2<br>column: NSD12DKO_C3H10T1_2<br>value:  67.72","row: H33K36M_C3H10T1_2<br>column: NSD12DKO_C3H10T1_3<br>value:  62.87","row: H33K36M_C3H10T1_2<br>column: NSD12DKO_C3H10T1_1<br>value:  66.38","row: H33K36M_C3H10T1_2<br>column: H33K36R_C3H10T1_1<br>value:  76.68","row: H33K36M_C3H10T1_2<br>column: H33K36R_C3H10T1_3<br>value:  78.42","row: H33K36M_C3H10T1_2<br>column: H33K36R_C3H10T1_2<br>value:  76.65","row: H33K36M_C3H10T1_2<br>column: PA_C3H10T1_2<br>value:  85.43","row: H33K36M_C3H10T1_2<br>column: PA_C3H10T1_3<br>value:  82.13","row: H33K36M_C3H10T1_2<br>column: PA_C3H10T1_1<br>value:  84.50","row: H33K36M_C3H10T1_2<br>column: SETD2KO_C3H10T1_1<br>value:  78.83","row: H33K36M_C3H10T1_2<br>column: SETD2KO_C3H10T1_2<br>value:  76.69","row: H33K36M_C3H10T1_2<br>column: SETD2KO_C3H10T1_3<br>value:  79.55"],["row: H33K36M_C3H10T1_3<br>column: TKO_C3H10T1_2<br>value:  93.84","row: H33K36M_C3H10T1_3<br>column: TKO_C3H10T1_3<br>value:  93.30","row: H33K36M_C3H10T1_3<br>column: TKO_C3H10T1_1<br>value:  91.30","row: H33K36M_C3H10T1_3<br>column: H33K36M_C3H10T1_1<br>value:  41.10","row: H33K36M_C3H10T1_3<br>column: H33K36M_C3H10T1_2<br>value:  32.34","row: H33K36M_C3H10T1_3<br>column: H33K36M_C3H10T1_3<br>value:   0.00","row: H33K36M_C3H10T1_3<br>column: NSD12DKO_C3H10T1_2<br>value:  64.70","row: H33K36M_C3H10T1_3<br>column: NSD12DKO_C3H10T1_3<br>value:  65.11","row: H33K36M_C3H10T1_3<br>column: NSD12DKO_C3H10T1_1<br>value:  70.53","row: H33K36M_C3H10T1_3<br>column: H33K36R_C3H10T1_1<br>value:  81.90","row: H33K36M_C3H10T1_3<br>column: H33K36R_C3H10T1_3<br>value:  78.46","row: H33K36M_C3H10T1_3<br>column: H33K36R_C3H10T1_2<br>value:  77.06","row: H33K36M_C3H10T1_3<br>column: PA_C3H10T1_2<br>value:  83.63","row: H33K36M_C3H10T1_3<br>column: PA_C3H10T1_3<br>value:  85.57","row: H33K36M_C3H10T1_3<br>column: PA_C3H10T1_1<br>value:  90.39","row: H33K36M_C3H10T1_3<br>column: SETD2KO_C3H10T1_1<br>value:  84.68","row: H33K36M_C3H10T1_3<br>column: SETD2KO_C3H10T1_2<br>value:  77.91","row: H33K36M_C3H10T1_3<br>column: SETD2KO_C3H10T1_3<br>value:  78.24"],["row: NSD12DKO_C3H10T1_2<br>column: TKO_C3H10T1_2<br>value:  81.16","row: NSD12DKO_C3H10T1_2<br>column: TKO_C3H10T1_3<br>value:  80.17","row: NSD12DKO_C3H10T1_2<br>column: TKO_C3H10T1_1<br>value:  78.35","row: NSD12DKO_C3H10T1_2<br>column: H33K36M_C3H10T1_1<br>value:  68.89","row: NSD12DKO_C3H10T1_2<br>column: H33K36M_C3H10T1_2<br>value:  67.72","row: NSD12DKO_C3H10T1_2<br>column: H33K36M_C3H10T1_3<br>value:  64.70","row: NSD12DKO_C3H10T1_2<br>column: NSD12DKO_C3H10T1_2<br>value:   0.00","row: NSD12DKO_C3H10T1_2<br>column: NSD12DKO_C3H10T1_3<br>value:  32.26","row: NSD12DKO_C3H10T1_2<br>column: NSD12DKO_C3H10T1_1<br>value:  37.41","row: NSD12DKO_C3H10T1_2<br>column: H33K36R_C3H10T1_1<br>value:  72.01","row: NSD12DKO_C3H10T1_2<br>column: H33K36R_C3H10T1_3<br>value:  67.31","row: NSD12DKO_C3H10T1_2<br>column: H33K36R_C3H10T1_2<br>value:  67.99","row: NSD12DKO_C3H10T1_2<br>column: PA_C3H10T1_2<br>value:  80.96","row: NSD12DKO_C3H10T1_2<br>column: PA_C3H10T1_3<br>value:  80.42","row: NSD12DKO_C3H10T1_2<br>column: PA_C3H10T1_1<br>value:  82.93","row: NSD12DKO_C3H10T1_2<br>column: SETD2KO_C3H10T1_1<br>value:  80.77","row: NSD12DKO_C3H10T1_2<br>column: SETD2KO_C3H10T1_2<br>value:  75.06","row: NSD12DKO_C3H10T1_2<br>column: SETD2KO_C3H10T1_3<br>value:  74.94"],["row: NSD12DKO_C3H10T1_3<br>column: TKO_C3H10T1_2<br>value:  81.41","row: NSD12DKO_C3H10T1_3<br>column: TKO_C3H10T1_3<br>value:  79.81","row: NSD12DKO_C3H10T1_3<br>column: TKO_C3H10T1_1<br>value:  77.74","row: NSD12DKO_C3H10T1_3<br>column: H33K36M_C3H10T1_1<br>value:  69.13","row: NSD12DKO_C3H10T1_3<br>column: H33K36M_C3H10T1_2<br>value:  62.87","row: NSD12DKO_C3H10T1_3<br>column: H33K36M_C3H10T1_3<br>value:  65.11","row: NSD12DKO_C3H10T1_3<br>column: NSD12DKO_C3H10T1_2<br>value:  32.26","row: NSD12DKO_C3H10T1_3<br>column: NSD12DKO_C3H10T1_3<br>value:   0.00","row: NSD12DKO_C3H10T1_3<br>column: NSD12DKO_C3H10T1_1<br>value:  36.02","row: NSD12DKO_C3H10T1_3<br>column: H33K36R_C3H10T1_1<br>value:  71.53","row: NSD12DKO_C3H10T1_3<br>column: H33K36R_C3H10T1_3<br>value:  69.54","row: NSD12DKO_C3H10T1_3<br>column: H33K36R_C3H10T1_2<br>value:  65.15","row: NSD12DKO_C3H10T1_3<br>column: PA_C3H10T1_2<br>value:  78.98","row: NSD12DKO_C3H10T1_3<br>column: PA_C3H10T1_3<br>value:  75.90","row: NSD12DKO_C3H10T1_3<br>column: PA_C3H10T1_1<br>value:  82.55","row: NSD12DKO_C3H10T1_3<br>column: SETD2KO_C3H10T1_1<br>value:  79.27","row: NSD12DKO_C3H10T1_3<br>column: SETD2KO_C3H10T1_2<br>value:  74.37","row: NSD12DKO_C3H10T1_3<br>column: SETD2KO_C3H10T1_3<br>value:  76.32"],["row: NSD12DKO_C3H10T1_1<br>column: TKO_C3H10T1_2<br>value:  63.96","row: NSD12DKO_C3H10T1_1<br>column: TKO_C3H10T1_3<br>value:  63.61","row: NSD12DKO_C3H10T1_1<br>column: TKO_C3H10T1_1<br>value:  60.93","row: NSD12DKO_C3H10T1_1<br>column: H33K36M_C3H10T1_1<br>value:  62.48","row: NSD12DKO_C3H10T1_1<br>column: H33K36M_C3H10T1_2<br>value:  66.38","row: NSD12DKO_C3H10T1_1<br>column: H33K36M_C3H10T1_3<br>value:  70.53","row: NSD12DKO_C3H10T1_1<br>column: NSD12DKO_C3H10T1_2<br>value:  37.41","row: NSD12DKO_C3H10T1_1<br>column: NSD12DKO_C3H10T1_3<br>value:  36.02","row: NSD12DKO_C3H10T1_1<br>column: NSD12DKO_C3H10T1_1<br>value:   0.00","row: NSD12DKO_C3H10T1_1<br>column: H33K36R_C3H10T1_1<br>value:  63.04","row: NSD12DKO_C3H10T1_1<br>column: H33K36R_C3H10T1_3<br>value:  71.66","row: NSD12DKO_C3H10T1_1<br>column: H33K36R_C3H10T1_2<br>value:  71.77","row: NSD12DKO_C3H10T1_1<br>column: PA_C3H10T1_2<br>value:  84.56","row: NSD12DKO_C3H10T1_1<br>column: PA_C3H10T1_3<br>value:  80.62","row: NSD12DKO_C3H10T1_1<br>column: PA_C3H10T1_1<br>value:  75.15","row: NSD12DKO_C3H10T1_1<br>column: SETD2KO_C3H10T1_1<br>value:  72.52","row: NSD12DKO_C3H10T1_1<br>column: SETD2KO_C3H10T1_2<br>value:  76.18","row: NSD12DKO_C3H10T1_1<br>column: SETD2KO_C3H10T1_3<br>value:  80.73"],["row: H33K36R_C3H10T1_1<br>column: TKO_C3H10T1_2<br>value:  78.45","row: H33K36R_C3H10T1_1<br>column: TKO_C3H10T1_3<br>value:  77.72","row: H33K36R_C3H10T1_1<br>column: TKO_C3H10T1_1<br>value:  75.44","row: H33K36R_C3H10T1_1<br>column: H33K36M_C3H10T1_1<br>value:  73.76","row: H33K36R_C3H10T1_1<br>column: H33K36M_C3H10T1_2<br>value:  76.68","row: H33K36R_C3H10T1_1<br>column: H33K36M_C3H10T1_3<br>value:  81.90","row: H33K36R_C3H10T1_1<br>column: NSD12DKO_C3H10T1_2<br>value:  72.01","row: H33K36R_C3H10T1_1<br>column: NSD12DKO_C3H10T1_3<br>value:  71.53","row: H33K36R_C3H10T1_1<br>column: NSD12DKO_C3H10T1_1<br>value:  63.04","row: H33K36R_C3H10T1_1<br>column: H33K36R_C3H10T1_1<br>value:   0.00","row: H33K36R_C3H10T1_1<br>column: H33K36R_C3H10T1_3<br>value:  43.63","row: H33K36R_C3H10T1_1<br>column: H33K36R_C3H10T1_2<br>value:  43.30","row: H33K36R_C3H10T1_1<br>column: PA_C3H10T1_2<br>value:  56.77","row: H33K36R_C3H10T1_1<br>column: PA_C3H10T1_3<br>value:  50.79","row: H33K36R_C3H10T1_1<br>column: PA_C3H10T1_1<br>value:  41.99","row: H33K36R_C3H10T1_1<br>column: SETD2KO_C3H10T1_1<br>value:  49.66","row: H33K36R_C3H10T1_1<br>column: SETD2KO_C3H10T1_2<br>value:  58.01","row: H33K36R_C3H10T1_1<br>column: SETD2KO_C3H10T1_3<br>value:  63.40"],["row: H33K36R_C3H10T1_3<br>column: TKO_C3H10T1_2<br>value:  96.30","row: H33K36R_C3H10T1_3<br>column: TKO_C3H10T1_3<br>value:  96.05","row: H33K36R_C3H10T1_3<br>column: TKO_C3H10T1_1<br>value:  94.57","row: H33K36R_C3H10T1_3<br>column: H33K36M_C3H10T1_1<br>value:  82.02","row: H33K36R_C3H10T1_3<br>column: H33K36M_C3H10T1_2<br>value:  78.42","row: H33K36R_C3H10T1_3<br>column: H33K36M_C3H10T1_3<br>value:  78.46","row: H33K36R_C3H10T1_3<br>column: NSD12DKO_C3H10T1_2<br>value:  67.31","row: H33K36R_C3H10T1_3<br>column: NSD12DKO_C3H10T1_3<br>value:  69.54","row: H33K36R_C3H10T1_3<br>column: NSD12DKO_C3H10T1_1<br>value:  71.66","row: H33K36R_C3H10T1_3<br>column: H33K36R_C3H10T1_1<br>value:  43.63","row: H33K36R_C3H10T1_3<br>column: H33K36R_C3H10T1_3<br>value:   0.00","row: H33K36R_C3H10T1_3<br>column: H33K36R_C3H10T1_2<br>value:  34.60","row: H33K36R_C3H10T1_3<br>column: PA_C3H10T1_2<br>value:  48.49","row: H33K36R_C3H10T1_3<br>column: PA_C3H10T1_3<br>value:  52.05","row: H33K36R_C3H10T1_3<br>column: PA_C3H10T1_1<br>value:  54.91","row: H33K36R_C3H10T1_3<br>column: SETD2KO_C3H10T1_1<br>value:  62.06","row: H33K36R_C3H10T1_3<br>column: SETD2KO_C3H10T1_2<br>value:  55.93","row: H33K36R_C3H10T1_3<br>column: SETD2KO_C3H10T1_3<br>value:  54.26"],["row: H33K36R_C3H10T1_2<br>column: TKO_C3H10T1_2<br>value:  97.05","row: H33K36R_C3H10T1_2<br>column: TKO_C3H10T1_3<br>value:  96.69","row: H33K36R_C3H10T1_2<br>column: TKO_C3H10T1_1<br>value:  95.14","row: H33K36R_C3H10T1_2<br>column: H33K36M_C3H10T1_1<br>value:  81.75","row: H33K36R_C3H10T1_2<br>column: H33K36M_C3H10T1_2<br>value:  76.65","row: H33K36R_C3H10T1_2<br>column: H33K36M_C3H10T1_3<br>value:  77.06","row: H33K36R_C3H10T1_2<br>column: NSD12DKO_C3H10T1_2<br>value:  67.99","row: H33K36R_C3H10T1_2<br>column: NSD12DKO_C3H10T1_3<br>value:  65.15","row: H33K36R_C3H10T1_2<br>column: NSD12DKO_C3H10T1_1<br>value:  71.77","row: H33K36R_C3H10T1_2<br>column: H33K36R_C3H10T1_1<br>value:  43.30","row: H33K36R_C3H10T1_2<br>column: H33K36R_C3H10T1_3<br>value:  34.60","row: H33K36R_C3H10T1_2<br>column: H33K36R_C3H10T1_2<br>value:   0.00","row: H33K36R_C3H10T1_2<br>column: PA_C3H10T1_2<br>value:  47.54","row: H33K36R_C3H10T1_2<br>column: PA_C3H10T1_3<br>value:  45.69","row: H33K36R_C3H10T1_2<br>column: PA_C3H10T1_1<br>value:  55.16","row: H33K36R_C3H10T1_2<br>column: SETD2KO_C3H10T1_1<br>value:  63.22","row: H33K36R_C3H10T1_2<br>column: SETD2KO_C3H10T1_2<br>value:  55.48","row: H33K36R_C3H10T1_2<br>column: SETD2KO_C3H10T1_3<br>value:  57.65"],["row: PA_C3H10T1_2<br>column: TKO_C3H10T1_2<br>value: 106.50","row: PA_C3H10T1_2<br>column: TKO_C3H10T1_3<br>value: 106.45","row: PA_C3H10T1_2<br>column: TKO_C3H10T1_1<br>value: 105.17","row: PA_C3H10T1_2<br>column: H33K36M_C3H10T1_1<br>value:  89.34","row: PA_C3H10T1_2<br>column: H33K36M_C3H10T1_2<br>value:  85.43","row: PA_C3H10T1_2<br>column: H33K36M_C3H10T1_3<br>value:  83.63","row: PA_C3H10T1_2<br>column: NSD12DKO_C3H10T1_2<br>value:  80.96","row: PA_C3H10T1_2<br>column: NSD12DKO_C3H10T1_3<br>value:  78.98","row: PA_C3H10T1_2<br>column: NSD12DKO_C3H10T1_1<br>value:  84.56","row: PA_C3H10T1_2<br>column: H33K36R_C3H10T1_1<br>value:  56.77","row: PA_C3H10T1_2<br>column: H33K36R_C3H10T1_3<br>value:  48.49","row: PA_C3H10T1_2<br>column: H33K36R_C3H10T1_2<br>value:  47.54","row: PA_C3H10T1_2<br>column: PA_C3H10T1_2<br>value:   0.00","row: PA_C3H10T1_2<br>column: PA_C3H10T1_3<br>value:  26.96","row: PA_C3H10T1_2<br>column: PA_C3H10T1_1<br>value:  42.07","row: PA_C3H10T1_2<br>column: SETD2KO_C3H10T1_1<br>value:  59.35","row: PA_C3H10T1_2<br>column: SETD2KO_C3H10T1_2<br>value:  49.98","row: PA_C3H10T1_2<br>column: SETD2KO_C3H10T1_3<br>value:  50.29"],["row: PA_C3H10T1_3<br>column: TKO_C3H10T1_2<br>value: 100.24","row: PA_C3H10T1_3<br>column: TKO_C3H10T1_3<br>value:  99.98","row: PA_C3H10T1_3<br>column: TKO_C3H10T1_1<br>value:  98.64","row: PA_C3H10T1_3<br>column: H33K36M_C3H10T1_1<br>value:  85.74","row: PA_C3H10T1_3<br>column: H33K36M_C3H10T1_2<br>value:  82.13","row: PA_C3H10T1_3<br>column: H33K36M_C3H10T1_3<br>value:  85.57","row: PA_C3H10T1_3<br>column: NSD12DKO_C3H10T1_2<br>value:  80.42","row: PA_C3H10T1_3<br>column: NSD12DKO_C3H10T1_3<br>value:  75.90","row: PA_C3H10T1_3<br>column: NSD12DKO_C3H10T1_1<br>value:  80.62","row: PA_C3H10T1_3<br>column: H33K36R_C3H10T1_1<br>value:  50.79","row: PA_C3H10T1_3<br>column: H33K36R_C3H10T1_3<br>value:  52.05","row: PA_C3H10T1_3<br>column: H33K36R_C3H10T1_2<br>value:  45.69","row: PA_C3H10T1_3<br>column: PA_C3H10T1_2<br>value:  26.96","row: PA_C3H10T1_3<br>column: PA_C3H10T1_3<br>value:   0.00","row: PA_C3H10T1_3<br>column: PA_C3H10T1_1<br>value:  36.10","row: PA_C3H10T1_3<br>column: SETD2KO_C3H10T1_1<br>value:  54.72","row: PA_C3H10T1_3<br>column: SETD2KO_C3H10T1_2<br>value:  49.51","row: PA_C3H10T1_3<br>column: SETD2KO_C3H10T1_3<br>value:  54.21"],["row: PA_C3H10T1_1<br>column: TKO_C3H10T1_2<br>value:  89.81","row: PA_C3H10T1_1<br>column: TKO_C3H10T1_3<br>value:  90.26","row: PA_C3H10T1_1<br>column: TKO_C3H10T1_1<br>value:  88.35","row: PA_C3H10T1_1<br>column: H33K36M_C3H10T1_1<br>value:  81.33","row: PA_C3H10T1_1<br>column: H33K36M_C3H10T1_2<br>value:  84.50","row: PA_C3H10T1_1<br>column: H33K36M_C3H10T1_3<br>value:  90.39","row: PA_C3H10T1_1<br>column: NSD12DKO_C3H10T1_2<br>value:  82.93","row: PA_C3H10T1_1<br>column: NSD12DKO_C3H10T1_3<br>value:  82.55","row: PA_C3H10T1_1<br>column: NSD12DKO_C3H10T1_1<br>value:  75.15","row: PA_C3H10T1_1<br>column: H33K36R_C3H10T1_1<br>value:  41.99","row: PA_C3H10T1_1<br>column: H33K36R_C3H10T1_3<br>value:  54.91","row: PA_C3H10T1_1<br>column: H33K36R_C3H10T1_2<br>value:  55.16","row: PA_C3H10T1_1<br>column: PA_C3H10T1_2<br>value:  42.07","row: PA_C3H10T1_1<br>column: PA_C3H10T1_3<br>value:  36.10","row: PA_C3H10T1_1<br>column: PA_C3H10T1_1<br>value:   0.00","row: PA_C3H10T1_1<br>column: SETD2KO_C3H10T1_1<br>value:  45.88","row: PA_